lvlLdr
SECTOR:META
36:0:0
Unnamed:No description
SECTOR:DATA
24:29:29:4:bounciness=1.1:[[(255, 255, 255), (255, 255, 255), (255, 255, 255), (255, 255, 255)], [(255, 255, 255), (255, 255, 255), (255, 255, 255), (255, 255, 255)], [(255, 255, 255), (255, 255, 255), (255, 255, 255), (255, 255, 255)], [(255, 255, 255), (255, 255, 255), (255, 255, 255), (255, 255, 255)], [(255, 255, 255), (255, 255, 255), (255, 255, 255), (255, 255, 255)], [(255, 255, 255), (255, 255, 255), (255, 255, 255), (255, 255, 255)], [(255, 255, 255), (255, 255, 255), (255, 255, 255), (255, 255, 255)], [(255, 255, 255), (255, 255, 255), (255, 255, 255), (255, 255, 255)], [(255, 255, 255), (255, 255, 255), (255, 255, 255), (255, 255, 255)], [(255, 255, 255), (255, 255, 255), (255, 255, 255), (255, 255, 255)], [(255, 255, 255), (255, 255, 255), (255, 255, 255), (255, 255, 255)], [(255, 255, 255), (255, 255, 255), (255, 255, 255), (255, 255, 255)], [(255, 255, 255), (255, 255, 255), (255, 255, 255), (255, 255, 255)], [(255, 255, 255), (255, 255, 255), (255, 255, 255), (255, 255, 255)], [(255, 255, 255), (255, 255, 255), (255, 255, 255), (255, 255, 255)], [(255, 255, 255), (255, 255, 255), (255, 255, 255), (255, 255, 255)], [(255, 255, 255), (255, 255, 255), (255, 255, 255), (255, 255, 255)], [(255, 255, 255), (255, 255, 255), (255, 255, 255), (255, 255, 255)], [(255, 255, 255), (255, 255, 255), (255, 255, 255), (255, 255, 255)], [(255, 255, 255), (255, 255, 255), (255, 255, 255), (255, 255, 255)], [(255, 255, 255), (255, 255, 255), (255, 255, 255), (255, 255, 255)], [(255, 255, 255), (255, 255, 255), (255, 255, 255), (255, 255, 255)], [(255, 255, 255), (255, 255, 255), (255, 255, 255), (255, 255, 255)], [(255, 255, 255), (255, 255, 255), (255, 255, 255), (255, 255, 255)], [(255, 255, 255), (255, 255, 255), (255, 255, 255), (255, 255, 255)], [(255, 255, 255), (255, 255, 255), (255, 255, 255), (255, 255, 255)], [(255, 255, 255), (255, 255, 255), (255, 255, 255), (255, 255, 255)], [(255, 255, 255), (255, 255, 255), (255, 255, 255), (255, 255, 255)], [(255, 255, 255), (255, 255, 255), (255, 255, 255), (255, 255, 255)]]
1:25:17:3:bounciness=1.1:[[(255, 255, 255), (255, 255, 255), (255, 255, 255)], [(255, 255, 255), (255, 255, 255), (255, 255, 255)], [(255, 255, 255), (255, 255, 255), (255, 255, 255)], [(255, 255, 255), (255, 255, 255), (255, 255, 255)], [(255, 255, 255), (255, 255, 255), (255, 255, 255)], [(255, 255, 255), (255, 255, 255), (255, 255, 255)], [(255, 255, 255), (255, 255, 255), (255, 255, 255)], [(255, 255, 255), (255, 255, 255), (255, 255, 255)], [(255, 255, 255), (255, 255, 255), (255, 255, 255)], [(255, 255, 255), (255, 255, 255), (255, 255, 255)], [(255, 255, 255), (255, 255, 255), (255, 255, 255)], [(255, 255, 255), (255, 255, 255), (255, 255, 255)], [(255, 255, 255), (255, 255, 255), (255, 255, 255)], [(255, 255, 255), (255, 255, 255), (255, 255, 255)], [(255, 255, 255), (255, 255, 255), (255, 255, 255)], [(255, 255, 255), (255, 255, 255), (255, 255, 255)], [(255, 255, 255), (255, 255, 255), (255, 255, 255)]]
59:25:17:3:bounciness=1.1:[[(255, 255, 255), (255, 255, 255), (255, 255, 255)], [(255, 255, 255), (255, 255, 255), (255, 255, 255)], [(255, 255, 255), (255, 255, 255), (255, 255, 255)], [(255, 255, 255), (255, 255, 255), (255, 255, 255)], [(255, 255, 255), (255, 255, 255), (255, 255, 255)], [(255, 255, 255), (255, 255, 255), (255, 255, 255)], [(255, 255, 255), (255, 255, 255), (255, 255, 255)], [(255, 255, 255), (255, 255, 255), (255, 255, 255)], [(255, 255, 255), (255, 255, 255), (255, 255, 255)], [(255, 255, 255), (255, 255, 255), (255, 255, 255)], [(255, 255, 255), (255, 255, 255), (255, 255, 255)], [(255, 255, 255), (255, 255, 255), (255, 255, 255)], [(255, 255, 255), (255, 255, 255), (255, 255, 255)], [(255, 255, 255), (255, 255, 255), (255, 255, 255)], [(255, 255, 255), (255, 255, 255), (255, 255, 255)], [(255, 255, 255), (255, 255, 255), (255, 255, 255)], [(255, 255, 255), (255, 255, 255), (255, 255, 255)]]
8:-2:1:8:bounciness=1.1:[[(255, 255, 255), (255, 255, 255), (255, 255, 255), (255, 255, 255), (255, 255, 255), (255, 255, 255), (255, 255, 255), (255, 255, 255)]]
9:1:4:1:bounciness=1.1:[[(255, 255, 255)], [(255, 255, 255)], [(255, 255, 255)], [(255, 255, 255)]]
13:-2:1:8:bounciness=1.1:[[(255, 255, 255), (255, 255, 255), (255, 255, 255), (255, 255, 255), (255, 255, 255), (255, 255, 255), (255, 255, 255), (255, 255, 255)]]
16:1:1:5:bounciness=1.1:[[(255, 255, 255), (255, 255, 255), (255, 255, 255), (255, 255, 255), (255, 255, 255)]]
16:-2:1:1:bounciness=1.1:[[(255, 255, 255)]]
26:-2:1:3:bounciness=1.1:[[(255, 255, 255), (255, 255, 255), (255, 255, 255)]]
30:-2:1:3:bounciness=1.1:[[(255, 255, 255), (255, 255, 255), (255, 255, 255)]]
27:1:3:1:bounciness=1.1:[[(255, 255, 255)], [(255, 255, 255)], [(255, 255, 255)]]
28:2:1:4:bounciness=1.1:[[(255, 255, 255), (255, 255, 255), (255, 255, 255), (255, 255, 255)]]
35:0:3:1:bounciness=1.1:[[(255, 255, 255)], [(255, 255, 255)], [(255, 255, 255)]]
38:1:1:3:bounciness=1.1:[[(255, 255, 255), (255, 255, 255), (255, 255, 255)]]
34:1:1:3:bounciness=1.1:[[(255, 255, 255), (255, 255, 255), (255, 255, 255)]]
35:4:3:1:bounciness=1.1:[[(255, 255, 255)], [(255, 255, 255)], [(255, 255, 255)]]
42:-1:1:5:bounciness=1.1:[[(255, 255, 255), (255, 255, 255), (255, 255, 255), (255, 255, 255), (255, 255, 255)]]
43:4:3:1:bounciness=1.1:[[(255, 255, 255)], [(255, 255, 255)], [(255, 255, 255)]]
46:-1:1:5:bounciness=1.1:[[(255, 255, 255), (255, 255, 255), (255, 255, 255), (255, 255, 255), (255, 255, 255)]]
50:0:4:1:bounciness=1.1:[[(255, 255, 255)], [(255, 255, 255)], [(255, 255, 255)], [(255, 255, 255)]]
50:1:1:1:bounciness=1.1:[[(255, 255, 255)]]
50:2:4:1:bounciness=1.1:[[(255, 255, 255)], [(255, 255, 255)], [(255, 255, 255)], [(255, 255, 255)]]
53:3:1:1:bounciness=1.1:[[(255, 255, 255)]]
50:4:4:1:bounciness=1.1:[[(255, 255, 255)], [(255, 255, 255)], [(255, 255, 255)], [(255, 255, 255)]]
56:0:3:1:bounciness=1.1:[[(255, 255, 255)], [(255, 255, 255)], [(255, 255, 255)]]
55:0:1:3:bounciness=1.1:[[(255, 255, 255), (255, 255, 255), (255, 255, 255)]]
56:2:3:1:bounciness=1.1:[[(255, 255, 255)], [(255, 255, 255)], [(255, 255, 255)]]
58:3:1:1:bounciness=1.1:[[(255, 255, 255)]]
55:4:4:1:bounciness=1.1:[[(255, 255, 255)], [(255, 255, 255)], [(255, 255, 255)], [(255, 255, 255)]]
61:0:4:1:bounciness=1.1:[[(255, 255, 255)], [(255, 255, 255)], [(255, 255, 255)], [(255, 255, 255)]]
61:1:1:4:bounciness=1.1:[[(255, 255, 255), (255, 255, 255), (255, 255, 255), (255, 255, 255)]]
62:4:3:1:bounciness=1.1:[[(255, 255, 255)], [(255, 255, 255)], [(255, 255, 255)]]
62:2:2:1:bounciness=1.1:[[(255, 255, 255)], [(255, 255, 255)]]
67:0:4:1:bounciness=1.1:[[(255, 255, 255)], [(255, 255, 255)], [(255, 255, 255)], [(255, 255, 255)]]
67:1:1:4:bounciness=1.1:[[(255, 255, 255), (255, 255, 255), (255, 255, 255), (255, 255, 255)]]
68:2:2:1:bounciness=1.1:[[(255, 255, 255)], [(255, 255, 255)]]
EOF
